435150
268910
427270
578080
504370
378860
524220
397060
552990
429660
365360
396750
435400
421020
312660
212740
460250
581270
215280
327690
304390
414700
543460
308060
597700
237850
453310
490450
687260
580200
453310
490450
346110
503560
436230
475190
411300
521890
442230
788040
757990
731450
611080
708140
1097340
659810
652070
665210
700540
567840
606010
710550
763300
682350
628450
717960
731790
698880
569350
569350
555410
690580
700750
607760
625560
517400
596370
658810
689520
378410
713030
627410
715290
660070
678290
1141930
683690
451630
677030
609990
719140
667220
742230
655760
750330
662200
652750
434310
666010
568920
614900
585340
701540
685750
642170
712090
612510
639770
629030
586060
545700
727480
726320
699390
674440
739210
654770
721430
642520
623540
695110
682780
691080
618050
764560
749880
763760
614960
673660
690740
671980
723610
596590
652950
749340
701720
640310
573680
624120
614030
555450
625140
699600
696590
600720
671090
726250
728440
566530
514620
603190
585950
639270
633130
698260
642560
655100
724740
654900
735360
613730
674400
611980
725340
562590
588970
658560
566160
610360
645090
414530
591420
615610
615610
636040
607260
536930
667970
322110
678800
575640
25000
564710
436520
407530
364470
428690
332310
437220
488790
355180
563560
622650
383980
476600
555160
285900
657200
601510
397900
480490
386180
466240
518790
305620
438100
700330
698780
291550
